
memref.global constant @A : memref<10x10xf32> = dense<[
  [1.1176220178604126, -1.3871248960494995, -0.4265716075897217,
 -0.8035872578620911, 0.6014277338981628, -0.07499324530363083,
 0.059693194925785065, -0.03200608864426613, -0.18548467755317688,
 1.2047736644744873],
  [0.7774530649185181, -1.3582810163497925, 0.7698278427124023,
 -0.8702269792556763, 1.0997635126113892, -0.9584742188453674,
 -1.2749319076538086, -1.3653380870819092, -1.474327564239502,
 0.4335317015647888],
  [-0.328120619058609, -0.9709680080413818, 1.2655024528503418,
 0.003763606771826744, -1.0665411949157715, 1.7288987636566162,
 -0.45138227939605713, 0.04862817004323006, -1.1382405757904053,
 -0.33829328417778015],
  [-1.5297398567199707, 0.20406699180603027, -0.05367063730955124,
 -0.9068519473075867, -0.02107640542089939, -1.2441277503967285,
 0.08321687579154968, -0.24711604416370392, 1.314589262008667,
 0.9204949736595154],
  [-0.22877256572246552, -0.030402617529034615, 0.007356334012001753,
 -0.1641322374343872, -0.015097764320671558, 1.2274370193481445,
 1.0408066511154175, 0.6799344420433044, 0.2518334984779358,
 1.6651910543441772],
  [1.0347177982330322, -0.38181933760643005, -0.3505185842514038,
 1.2286534309387207, -0.35867178440093994, -1.9132933616638184,
 1.0271670818328857, -1.3551664352416992, -1.6714682579040527,
 -1.0570014715194702],
  [-1.3222408294677734, 0.7736058831214905, -1.7251851558685303,
 -0.1460547000169754, 0.40561553835868835, -1.415915608406067,
 0.8947690725326538, 1.4356279373168945, 0.2768274247646332,
 0.8864038586616516],
  [-0.31188464164733887, 0.9887157678604126, -0.8038562536239624,
 -1.4020450115203857, 0.12107295542955399, -2.0658767223358154,
 0.9201765060424805, -0.42329636216163635, -1.4801915884017944,
 -0.7969468832015991],
  [0.6704075932502747, 0.3807937204837799, 1.2836308479309082,
 -1.7994437217712402, 0.560377836227417, -0.5901781320571899,
 1.513032078742981, 0.6417092680931091, -0.8430933952331543,
 -0.6770299673080444],
  [0.47085481882095337, 0.07626532763242722, 1.4205647706985474,
 -0.7763586640357971, 0.13012942671775818, -0.13884983956813812,
 0.7501691579818726, 1.6195898056030273, 0.4826870560646057,
 0.9587796926498413]
]>


memref.global constant @B : memref<10x10xf32> = dense<[
  [-0.41793495416641235, 0.5500046014785767, -0.2969793379306793,
 -0.973719596862793, 0.11110638082027435, 0.0972077026963234,
 -1.2553112506866455, 0.5298007130622864, 1.1207773685455322,
 -0.10136342793703079],
  [0.6133917570114136, 1.0013039112091064, 1.6809592247009277,
 0.9251255989074707, -0.9882517457008362, 0.2078029066324234,
 -1.219529628753662, 0.08932888507843018, -1.0524274110794067,
 -0.6917388439178467],
  [-1.982431173324585, 2.267630100250244, -0.13079318404197693,
 -0.4808737337589264, -1.232639193534851, 0.7591094970703125,
 -0.4769798815250397, -0.6204180717468262, -0.6902609467506409,
 2.365145683288574],
  [-0.3796442151069641, 1.864675521850586, -0.8315299153327942,
 0.033423274755477905, 0.32895520329475403, -1.6618777513504028,
 -0.07653109729290009, 0.8074823021888733, -0.7966762185096741,
 1.251874566078186],
  [0.9226643443107605, 0.7866818308830261, 0.7923650741577148,
 -0.4601968824863434, 2.397496223449707, 0.19480518996715546,
 0.2745186388492584, 0.07115253806114197, 0.6442416310310364,
 1.7909514904022217],
  [-0.3518707752227783, -0.48048457503318787, -0.2042524218559265,
 0.8529296517372131, 0.6624273657798767, 1.1685149669647217,
 0.8331336379051208, 0.10706620663404465, 0.7593052983283997,
 -0.5092511773109436],
  [1.1114634275436401, -0.09248355031013489, 0.839974045753479,
 -0.351138710975647, -1.167814016342163, -1.3892009258270264,
 -1.3128107786178589, 1.2767237424850464, 1.7505762577056885,
 0.11671149730682373],
  [-0.19988541305065155, 0.20591729879379272, 0.519942581653595,
 -1.745890498161316, -1.5392831563949585, 1.5183165073394775,
 1.9789714813232422, -2.1282575130462646, 0.033984508365392685,
 0.20649342238903046],
  [1.0877691507339478, -0.04195538908243179, -0.8090072274208069,
 -0.9252509474754333, -2.590146780014038, 0.47342216968536377,
 -0.4365278482437134, 0.6825875043869019, -1.850749135017395,
 0.49484506249427795],
  [-0.48870959877967834, -0.38816624879837036, -1.0301549434661865,
 -0.36660921573638916, -0.3237517178058624, -0.5332834720611572,
 0.4271363615989685, 1.0811803340911865, -1.4866969585418701,
 0.3560142517089844]
]>


memref.global constant @C : memref<10x10xf32> = dense<[
  [-0.3037189841270447, -3.2027885913848877, -2.505289316177368,
 -2.7691287994384766, 3.2186522483825684, -0.00024700164794921875,
 1.1101323366165161, 1.439037561416626, 2.6331825256347656,
 0.2841542661190033],
  [-3.9615936279296875, 0.24657797813415527, -1.858656644821167,
 0.3000984489917755, 9.464170455932617, -0.31289124488830566,
 -0.31616461277008057, -0.17369234561920166, 2.2493040561676025,
 3.043884754180908],
  [-6.145290851593018, 0.285097599029541, -1.9861093759536743,
 2.0290348529815674, 1.4626872539520264, 2.8756422996520996,
 3.1809184551239014, -2.7559444904327393, 2.2242605686187744,
 0.18582755327224731],
  [2.7555124759674072, -2.339557647705078, -0.2745112180709839,
 -0.5291999578475952, -4.898256301879883, -0.4571836292743683,
 -0.05483591556549072, 0.89881432056427, -5.7921929359436035,
 0.28443339467048645],
  [0.1599138379096985, -1.6604658365249634, -0.8016785383224487,
 -1.1565660238265991, -2.735015630722046, 0.49880409240722656,
 1.9323046207427979, 1.7233422994613647, -0.2730475962162018,
 0.18335895240306854],
  [0.015008389949798584, 2.4264943599700928, 0.7809567451477051,
 1.3213481903076172, 4.759199142456055, -8.304439544677734,
 -6.204736709594727, 3.405120611190796, 5.557779312133789,
 -0.1630638837814331],
  [5.950582027435303, -3.2804512977600098, 3.011707305908203,
 -1.9681861400604248, -3.0571811199188232, -2.0150809288024902,
 2.4063234329223633, -0.5674471855163574, -2.017714500427246,
 -2.3633315563201904],
  [3.5880391597747803, -2.331688404083252, 6.114789009094238,
 1.817938208580017, 2.1085851192474365, -2.6922340393066406,
 -3.7514166831970215, -0.7191951274871826, 4.3118462562561035,
 -4.036057472229004],
  [-0.21627384424209595, 1.32023024559021, 5.3180460929870605,
 -2.362539052963257, -1.8752572536468506, 2.363025188446045,
 -2.7559261322021484, -2.6249992847442627, 6.048426151275635,
 1.406954050064087],
  [-1.9359747171401978, 2.149787187576294, 0.6736277341842651,
 -5.164444923400879, -6.739181041717529, 3.4274256229400635,
 1.0369151830673218, -2.3806307315826416, -0.886667013168335,
 3.5934038162231445]
]>

