
memref.global constant @A : memref<6x6xf32> = dense<[
  [1.1176220178604126, -1.3871248960494995, -0.4265716075897217,
 -0.8035872578620911, 0.6014277338981628, -0.07499324530363083],
  [0.059693194925785065, -0.03200608864426613, -0.18548467755317688,
 1.2047736644744873, 0.7774530649185181, -1.3582810163497925],
  [0.7698278427124023, -0.8702269792556763, 1.0997635126113892,
 -0.9584742188453674, -1.2749319076538086, -1.3653380870819092],
  [-1.474327564239502, 0.4335317015647888, -0.328120619058609,
 -0.9709680080413818, 1.2655024528503418, 0.003763606771826744],
  [-1.0665411949157715, 1.7288987636566162, -0.45138227939605713,
 0.04862817004323006, -1.1382405757904053, -0.33829328417778015],
  [-1.5297398567199707, 0.20406699180603027, -0.05367063730955124,
 -0.9068519473075867, -0.02107640542089939, -1.2441277503967285]
]>


memref.global constant @B : memref<6x6xf32> = dense<[
  [0.08321687579154968, -0.24711604416370392, 1.314589262008667,
 0.9204949736595154, -0.22877256572246552, -0.030402617529034615],
  [0.007356334012001753, -0.1641322374343872, -0.015097764320671558,
 1.2274370193481445, 1.0408066511154175, 0.6799344420433044],
  [0.2518334984779358, 1.6651910543441772, 1.0347177982330322,
 -0.38181933760643005, -0.3505185842514038, 1.2286534309387207],
  [-0.35867178440093994, -1.9132933616638184, 1.0271670818328857,
 -1.3551664352416992, -1.6714682579040527, -1.0570014715194702],
  [-1.3222408294677734, 0.7736058831214905, -1.7251851558685303,
 -0.1460547000169754, 0.40561553835868835, -1.415915608406067],
  [0.8947690725326538, 1.4356279373168945, 0.2768274247646332,
 0.8864038586616516, -0.31188464164733887, 0.9887157678604126]
]>


memref.global constant @C : memref<6x6xf32> = dense<[
  [-0.5987340807914734, 1.1362701654434204, -0.8349775671958923,
 0.42370909452438354, 0.060619425028562546, -1.577566385269165],
  [-2.717425584793091, -3.971994638442993, -0.5927250981330872,
 -2.8637216091156006, -1.2567193508148193, -3.9686827659606934],
  [1.142500638961792, 0.6713419556617737, 3.000108242034912,
 -0.5045762658119202, 0.04341396689414978, 2.2044994831085205],
  [-1.5238041877746582, 2.588939666748047, -5.463723182678223,
 0.43463134765625, 3.0385966300964355, -0.8253589272499084],
  [0.9951831698417664, -2.2310991287231445, 0.02475672960281372,
 1.113196611404419, 1.7642024755477905, 1.8791476488113403],
  [-0.8993918299674988, 0.1878218650817871, -3.309130907058716,
 -1.0079320669174194, 2.476418972015381, -0.12238480150699615]
]>

