
memref.global constant @A : memref<4x4xf32> = dense<[
  [1.1176220178604126, -1.3871248960494995, -0.4265716075897217,
 -0.8035872578620911],
  [0.6014277338981628, -0.07499324530363083, 0.059693194925785065,
 -0.03200608864426613],
  [-0.18548467755317688, 1.2047736644744873, 0.7774530649185181,
 -1.3582810163497925],
  [0.7698278427124023, -0.8702269792556763, 1.0997635126113892,
 -0.9584742188453674]
]>


memref.global constant @B : memref<4x4xf32> = dense<[
  [-1.2749319076538086, -1.3653380870819092, -1.474327564239502,
 0.4335317015647888],
  [-0.328120619058609, -0.9709680080413818, 1.2655024528503418,
 0.003763606771826744],
  [-1.0665411949157715, 1.7288987636566162, -0.45138227939605713,
 0.04862817004323006],
  [-1.1382405757904053, -0.33829328417778015, -1.5297398567199707,
 0.20406699180603027]
]>


memref.global constant @C : memref<4x4xf32> = dense<[
  [0.3998841345310211, -0.64472895860672, -1.9813247919082642,
 0.29457494616508484],
  [-0.7694072127342224, -0.6343052983283997, -0.9595890641212463,
 0.25682711601257324],
  [0.5580340623855591, 0.8870875835418701, 3.5249972343444824,
 -0.3152534067630768],
  [-0.7779075503349304, 2.019512414932251, -1.26645028591156,
 0.18835611641407013]
]>

