
memref.global constant @A : memref<20x20xf32> = dense<[
  [1.1176220178604126, -1.3871248960494995, -0.4265716075897217,
 -0.8035872578620911, 0.6014277338981628, -0.07499324530363083,
 0.059693194925785065, -0.03200608864426613, -0.18548467755317688,
 1.2047736644744873, 0.7774530649185181, -1.3582810163497925,
 0.7698278427124023, -0.8702269792556763, 1.0997635126113892,
 -0.9584742188453674, -1.2749319076538086, -1.3653380870819092,
 -1.474327564239502, 0.4335317015647888],
  [-0.328120619058609, -0.9709680080413818, 1.2655024528503418,
 0.003763606771826744, -1.0665411949157715, 1.7288987636566162,
 -0.45138227939605713, 0.04862817004323006, -1.1382405757904053,
 -0.33829328417778015, -1.5297398567199707, 0.20406699180603027,
 -0.05367063730955124, -0.9068519473075867, -0.02107640542089939,
 -1.2441277503967285, 0.08321687579154968, -0.24711604416370392,
 1.314589262008667, 0.9204949736595154],
  [-0.22877256572246552, -0.030402617529034615, 0.007356334012001753,
 -0.1641322374343872, -0.015097764320671558, 1.2274370193481445,
 1.0408066511154175, 0.6799344420433044, 0.2518334984779358,
 1.6651910543441772, 1.0347177982330322, -0.38181933760643005,
 -0.3505185842514038, 1.2286534309387207, -0.35867178440093994,
 -1.9132933616638184, 1.0271670818328857, -1.3551664352416992,
 -1.6714682579040527, -1.0570014715194702],
  [-1.3222408294677734, 0.7736058831214905, -1.7251851558685303,
 -0.1460547000169754, 0.40561553835868835, -1.415915608406067,
 0.8947690725326538, 1.4356279373168945, 0.2768274247646332,
 0.8864038586616516, -0.31188464164733887, 0.9887157678604126,
 -0.8038562536239624, -1.4020450115203857, 0.12107295542955399,
 -2.0658767223358154, 0.9201765060424805, -0.42329636216163635,
 -1.4801915884017944, -0.7969468832015991],
  [0.6704075932502747, 0.3807937204837799, 1.2836308479309082,
 -1.7994437217712402, 0.560377836227417, -0.5901781320571899,
 1.513032078742981, 0.6417092680931091, -0.8430933952331543,
 -0.6770299673080444, 0.47085481882095337, 0.07626532763242722,
 1.4205647706985474, -0.7763586640357971, 0.13012942671775818,
 -0.13884983956813812, 0.7501691579818726, 1.6195898056030273,
 0.4826870560646057, 0.9587796926498413],
  [-0.41793495416641235, 0.5500046014785767, -0.2969793379306793,
 -0.973719596862793, 0.11110638082027435, 0.0972077026963234,
 -1.2553112506866455, 0.5298007130622864, 1.1207773685455322,
 -0.10136342793703079, 0.6133917570114136, 1.0013039112091064,
 1.6809592247009277, 0.9251255989074707, -0.9882517457008362,
 0.2078029066324234, -1.219529628753662, 0.08932888507843018,
 -1.0524274110794067, -0.6917388439178467],
  [-1.982431173324585, 2.267630100250244, -0.13079318404197693,
 -0.4808737337589264, -1.232639193534851, 0.7591094970703125,
 -0.4769798815250397, -0.6204180717468262, -0.6902609467506409,
 2.365145683288574, -0.3796442151069641, 1.864675521850586,
 -0.8315299153327942, 0.033423274755477905, 0.32895520329475403,
 -1.6618777513504028, -0.07653109729290009, 0.8074823021888733,
 -0.7966762185096741, 1.251874566078186],
  [0.9226643443107605, 0.7866818308830261, 0.7923650741577148,
 -0.4601968824863434, 2.397496223449707, 0.19480518996715546,
 0.2745186388492584, 0.07115253806114197, 0.6442416310310364,
 1.7909514904022217, -0.3518707752227783, -0.48048457503318787,
 -0.2042524218559265, 0.8529296517372131, 0.6624273657798767,
 1.1685149669647217, 0.8331336379051208, 0.10706620663404465,
 0.7593052983283997, -0.5092511773109436],
  [1.1114634275436401, -0.09248355031013489, 0.839974045753479,
 -0.351138710975647, -1.167814016342163, -1.3892009258270264,
 -1.3128107786178589, 1.2767237424850464, 1.7505762577056885,
 0.11671149730682373, -0.19988541305065155, 0.20591729879379272,
 0.519942581653595, -1.745890498161316, -1.5392831563949585,
 1.5183165073394775, 1.9789714813232422, -2.1282575130462646,
 0.033984508365392685, 0.20649342238903046],
  [1.0877691507339478, -0.04195538908243179, -0.8090072274208069,
 -0.9252509474754333, -2.590146780014038, 0.47342216968536377,
 -0.4365278482437134, 0.6825875043869019, -1.850749135017395,
 0.49484506249427795, -0.48870959877967834, -0.38816624879837036,
 -1.0301549434661865, -0.36660921573638916, -0.3237517178058624,
 -0.5332834720611572, 0.4271363615989685, 1.0811803340911865,
 -1.4866969585418701, 0.3560142517089844],
  [2.7962992191314697, -1.236227035522461, -0.16417492926120758,
 -1.4708625078201294, 1.5814311504364014, 1.0583893060684204,
 -1.0116018056869507, -0.42502477765083313, 1.6123285293579102,
 -1.5226322412490845, 0.1130620464682579, 0.5907350778579712,
 0.4400123059749603, -0.4507058262825012, 1.1341685056686401,
 0.8541713356971741, -0.0659295842051506, -0.7156318426132202,
 -1.0751136541366577, 0.2649860680103302],
  [0.0305627454072237, -0.10863208025693893, -1.423568606376648,
 0.2957165241241455, -1.1918089389801025, 1.4413282871246338,
 0.9170172810554504, -0.3843468129634857, 0.08095530420541763,
 0.9625868797302246, -1.6510791778564453, 0.8501227498054504,
 0.12471510469913483, 0.7270844578742981, 0.8355269432067871,
 0.5956495404243469, 0.8922373056411743, 0.9441280364990234,
 0.9534943103790283, 0.2391490936279297],
  [-0.3468391001224518, 0.8117190599441528, -0.2533649802207947,
 -0.41677600145339966, -0.4404476583003998, -0.2697369158267975,
 2.2145965099334717, -0.20847786962985992, 0.21919436752796173,
 -0.17911101877689362, -0.1249602660536766, 0.29202017188072205,
 -0.3865996301174164, 0.30083832144737244, -0.6511463522911072,
 -1.1278417110443115, 0.28226661682128906, -1.6474008560180664,
 1.3611891269683838, -0.13157759606838226],
  [0.4386368989944458, 0.39703479409217834, -0.09683380275964737,
 0.5352716445922852, -0.34043800830841064, 1.1934998035430908,
 0.8844823837280273, -0.9531003832817078, 0.6773251295089722,
 1.1001825332641602, 1.9886763095855713, 0.9349692463874817,
 -0.6289650797843933, 0.22432196140289307, 1.0289722681045532,
 -0.7286362648010254, 1.0373172760009766, 0.04016899690032005,
 1.906428337097168, 1.9585762023925781],
  [0.43330779671669006, 1.3770594596862793, -0.797773540019989,
 0.05532928556203842, 0.5319772958755493, 1.045296311378479,
 0.06524834781885147, 0.32584694027900696, 2.4141218662261963,
 -0.8774765729904175, -0.8079701662063599, -2.5613515377044678,
 1.5789775848388672, -0.15504029393196106, -0.021902240812778473,
 -0.08927404135465622, 0.3918967545032501, 0.1883518248796463,
 -0.06321292370557785, -0.3382297158241272],
  [-1.2638084888458252, 0.22933731973171234, -0.4093586802482605,
 -1.299899935722351, -1.1513699293136597, -0.5885521769523621,
 1.2844659090042114, -0.6232286691665649, -0.32579734921455383,
 -0.05977626517415047, 0.9543189406394958, 0.2577844262123108,
 0.15276537835597992, -1.0950183868408203, -0.24067442119121552,
 -1.1665009260177612, 0.47427359223365784, -0.8271922469139099,
 0.6979930996894836, 0.3106854259967804],
  [-1.1413670778274536, -1.003007411956787, 1.3433359861373901,
 -0.009045371785759926, 0.5826104879379272, -1.463860034942627,
 0.13153031468391418, 1.0236173868179321, 0.6465259194374084,
 -0.6302932500839233, 1.8904775381088257, 0.16625574231147766,
 -0.6571763753890991, -1.252954125404358, -0.7866469025611877,
 0.9859727621078491, -1.0905354022979736, -0.2402666211128235,
 0.14777043461799622, -0.10365968197584152],
  [0.3179595172405243, 1.016144871711731, 0.49809548258781433,
 1.1598753929138184, 0.2960457503795624, 1.4772087335586548,
 0.4841581881046295, 1.4975743293762207, -0.2124670445919037,
 -1.2846360206604004, -1.4380029439926147, 1.5298298597335815,
 0.7300149202346802, -1.2577240467071533, -1.9731417894363403,
 -1.03847074508667, -0.4871982932090759, -0.05953095853328705,
 0.8894190192222595, -0.06915145367383957],
  [-1.1560074090957642, 1.4960260391235352, -0.10803237557411194,
 -0.8287875056266785, -0.8614133596420288, -1.3837742805480957,
 -1.5630555152893066, 0.6111722588539124, -1.5191128253936768,
 -0.5403769612312317, 0.9517266154289246, 1.8732761144638062,
 -0.162011981010437, 1.3204680681228638, 1.2764828205108643,
 -1.9022531509399414, -0.7859704494476318, -0.8377317786216736,
 0.12817402184009552, -0.8030597567558289],
  [1.7972397804260254, 0.06818623095750809, -0.7891173362731934,
 -0.4412972629070282, -0.00648118183016777, -0.8493540287017822,
 1.239162564277649, 1.4749629497528076, -0.9411543011665344,
 -0.9438897967338562, 1.4131768941879272, -1.0146794319152832,
 -0.747414231300354, -0.7546306848526001, -0.2702360451221466,
 0.558124303817749, 1.1548364162445068, -0.6857289671897888,
 0.5725165605545044, -0.6507906317710876]
]>


memref.global constant @B : memref<20x20xf32> = dense<[
  [0.9385235905647278, -1.806413173675537, 1.208838939666748,
 0.9222697615623474, 0.763556718826294, 0.12211856991052628,
 -0.2152492105960846, -0.6295140981674194, 0.30053597688674927,
 1.6286084651947021, 0.6283493638038635, -0.3595389425754547,
 -0.21216827630996704, 1.062716007232666, -0.5151075124740601,
 -2.3884856700897217, -0.08136067539453506, -0.4146057665348053,
 0.3846513330936432, 0.5318894982337952],
  [0.18733932077884674, 0.26873669028282166, 1.0494753122329712,
 2.289872169494629, -2.042292356491089, -0.23369579017162323,
 0.9747179746627808, 1.1565877199172974, -1.0925523042678833,
 -0.20733071863651276, 1.9997408390045166, 1.6228536367416382,
 -1.9347081184387207, -0.1039254441857338, -0.2746574282646179,
 -0.5662574768066406, 0.1490173041820526, -0.20046912133693695,
 0.1418081372976303, 0.6800446510314941],
  [0.8060452938079834, -0.7170257568359375, -2.479694128036499,
 -2.0432562828063965, 0.8171730041503906, -0.08413787931203842,
 -0.1692739874124527, 0.45268967747688293, -0.9304494857788086,
 -0.3280929625034332, 0.43706512451171875, 0.22214412689208984,
 -0.2666661739349365, 0.03594309091567993, 0.9778053164482117,
 -1.8977041244506836, -0.7449547052383423, -1.0223748683929443,
 1.293951153755188, -0.30455508828163147],
  [0.22219420969486237, -0.06260228157043457, 0.8108955025672913,
 -0.673094630241394, -0.23888175189495087, 1.9031933546066284,
 1.836174726486206, 1.666916012763977, -0.7806252837181091,
 -0.7217335104942322, -0.9085102677345276, -1.2840982675552368,
 -0.339179128408432, -0.6423761248588562, 0.7940210103988647,
 -0.10224714875221252, 0.6521920561790466, -2.3660593032836914,
 -0.572760283946991, -1.8731863498687744],
  [1.582418441772461, 0.693541944026947, 0.7132118940353394,
 -1.0955404043197632, -1.1154396533966064, 1.3405267000198364,
 -1.054930329322815, -0.8266780972480774, -0.15539704263210297,
 1.416778802871704, -1.214558720588684, 0.30852702260017395,
 -0.19450531899929047, -0.32153311371803284, -0.26171553134918213,
 1.8639148473739624, -2.2839982509613037, -0.473156213760376,
 -1.659266471862793, -0.16178984940052032],
  [-1.2107218503952026, 0.0028396251145750284, -1.046491026878357,
 -0.026925629004836082, 3.4318032264709473, 1.4883453845977783,
 -0.20297259092330933, -1.1297260522842407, 1.0876654386520386,
 0.7727370262145996, -1.3209999799728394, 2.0850343704223633,
 0.9284622669219971, -0.7995840907096863, -1.1116561889648438,
 0.265342652797699, -1.4272912740707397, -0.7396592497825623,
 -0.6097235083580017, 1.075725793838501],
  [0.727239191532135, -1.4405847787857056, -0.3645452857017517,
 -0.5736633539199829, 0.5812328457832336, -0.6854413747787476,
 -0.23919381201267242, -1.2526062726974487, -0.35918110609054565,
 -0.42861220240592957, 0.0006034685648046434, 0.3495519459247589,
 0.787775456905365, -0.22194570302963257, 0.8195592761039734,
 -0.3327237367630005, 0.29509401321411133, -0.878945529460907,
 -1.6653237342834473, -0.43575048446655273],
  [-1.9549007415771484, 0.0673394501209259, -2.255969524383545,
 0.06540340930223465, 1.3300153017044067, -0.007032502442598343,
 0.3364729583263397, -0.49415528774261475, -0.6607998013496399,
 -0.8068174719810486, 1.9461498260498047, -0.3056907057762146,
 -0.7495269179344177, 0.632624089717865, -0.923020601272583,
 -1.2197952270507812, -2.4727838039398193, -0.30520132184028625,
 0.5428861379623413, 0.3855624198913574],
  [1.093862771987915, 0.10128697007894516, -0.9217800498008728,
 -0.9719934463500977, 0.5794094800949097, -0.43623673915863037,
 -2.1194446086883545, -0.5537221431732178, -1.4778313636779785,
 -3.4577066898345947, 0.12897545099258423, 0.24101857841014862,
 -1.0923116207122803, -1.6649441719055176, 0.1865701824426651,
 -0.5607637763023376, -1.6424319744110107, -0.021694540977478027,
 -0.7112644910812378, 1.21844482421875],
  [0.7307188510894775, -0.5182175636291504, -1.0870083570480347,
 -1.4333460330963135, -0.23551155626773834, 0.38951513171195984,
 1.7768054008483887, 0.4733344316482544, 0.5570268630981445,
 -0.5709073543548584, -1.741215705871582, 1.8875017166137695,
 -2.823030710220337, -0.2789243459701538, 0.8172866702079773,
 0.4575054347515106, -0.08419178426265717, -0.21992641687393188,
 0.5937750935554504, 0.9646883606910706],
  [-1.0459550619125366, 0.23142315447330475, 1.6209352016448975,
 1.9714709520339966, -0.538169801235199, 0.28064343333244324,
 -1.8686096668243408, 2.0403501987457275, -0.7445863485336304,
 0.9900532960891724, -0.30510783195495605, 0.6288627982139587,
 0.7584905028343201, -0.7573257088661194, 0.9433158040046692,
 -0.22563119232654572, -0.5488289594650269, 0.566059410572052,
 2.2656593322753906, 0.21592752635478973],
  [0.1620698869228363, 2.3414394855499268, -0.22113381326198578,
 0.7906381487846375, -0.8637015223503113, -0.6000426411628723,
 -0.33474022150039673, -1.2354445457458496, 0.3807082176208496,
 -0.6658679246902466, 0.5657385587692261, 1.30741286277771,
 -1.088574767112732, -0.08835034817457199, -0.0911819264292717,
 -1.1702916622161865, -0.30402612686157227, -0.6408016681671143,
 0.9800269603729248, -0.19616015255451202],
  [-0.14017724990844727, 0.3895089626312256, -1.1177074909210205,
 -0.5885450839996338, 0.3414227068424225, -1.803523302078247,
 0.5886497497558594, -0.23998837172985077, -0.3340266942977905,
 0.36528855562210083, 1.2102259397506714, 0.043576762080192566,
 -0.7879299521446228, -0.33093681931495667, 0.6319351196289062,
 2.2520298957824707, -0.17944401502609253, 1.3438098430633545,
 0.022001633420586586, -0.6548315286636353],
  [-1.2917248010635376, 0.41243141889572144, 1.0898277759552002,
 -1.0252238512039185, -0.9890304207801819, 0.029870709404349327,
 0.06860064715147018, 0.6358869671821594, -0.18867842853069305,
 2.311216115951538, 1.828704595565796, 1.6225706338882446,
 -0.8930812478065491, -0.5452254414558411, 0.6052852869033813,
 0.1146831139922142, -1.0754119157791138, 0.22642198204994202,
 -0.21121521294116974, 0.96147620677948],
  [0.9367414712905884, 0.6159386038780212, 0.9838457107543945,
 -1.2385764122009277, -0.07785330712795258, -0.21094486117362976,
 -0.7099122405052185, 0.6937863230705261, -0.2335108518600464,
 -0.7151395678520203, -0.19511350989341736, 0.1323293298482895,
 0.5922306776046753, 0.3898616433143616, 0.9212421178817749,
 1.2271727323532104, -0.7337782979011536, -0.5910999774932861,
 0.3796549141407013, 0.6645946502685547],
  [0.26721006631851196, -0.5781475901603699, -2.2028250694274902,
 -0.3825325071811676, 1.230495810508728, 1.5942907333374023,
 1.1720302104949951, -0.9126881957054138, 0.273042768239975,
 -0.14278793334960938, 0.1582295447587967, 0.9652594923973083,
 0.01893441192805767, 0.23507528007030487, 2.0004782676696777,
 0.8275977969169617, 0.23939622938632965, -0.8766044974327087,
 -1.4845689535140991, 2.285318374633789],
  [0.19926410913467407, 1.1564157009124756, -0.4955374300479889,
 -1.122979760169983, 0.722341775894165, -0.7980394959449768,
 -0.4983273148536682, -0.5722494125366211, 1.1853564977645874,
 0.3416729271411896, -1.446645736694336, -0.09522505104541779,
 -1.0459620952606201, -0.350737601518631, -0.10768111795186996,
 0.29155048727989197, 0.5272926092147827, 1.4812557697296143,
 -1.077889323234558, -0.7944470643997192],
  [0.915352463722229, 2.0036141872406006, -0.07004325836896896,
 0.8048025965690613, 0.30450472235679626, -0.7468733191490173,
 1.707635521888733, -0.27142614126205444, -0.2179766744375229,
 0.47122982144355774, 0.37278854846954346, 0.010116166435182095,
 1.5712392330169678, 1.3555705547332764, -0.943416178226471,
 0.06788142025470734, -1.263084888458252, -1.2890691757202148,
 0.9922356605529785, -0.52616286277771],
  [-1.0589667558670044, -0.6912921667098999, -1.9122494459152222,
 1.4321292638778687, -1.241402268409729, -1.2837367057800293,
 1.8048477172851562, -0.6324982643127441, -1.9112012386322021,
 -0.9320151209831238, 3.0066628456115723, -0.14749911427497864,
 -0.2400907725095749, -0.5577985048294067, 0.8585038781166077,
 0.503928542137146, -0.09945706278085709, 1.680907130241394,
 0.3511236608028412, -2.6235711574554443],
  [0.30615535378456116, -0.3086640238761902, -0.39590781927108765,
 1.5969210863113403, 0.6899579763412476, 0.33051183819770813,
 0.007891491986811161, 2.5545806884765625, 0.21339334547519684,
 -0.6279535889625549, -0.3333878815174103, 0.25680914521217346,
 -0.6764398217201233, -0.46307772397994995, 0.41738003492355347,
 0.7948904633522034, 0.7101942896842957, -1.674188256263733,
 1.3556327819824219, 1.769229769706726]
]>


memref.global constant @C : memref<20x20xf32> = dense<[
  [3.0397276878356934, -7.502383708953857, 6.040783405303955,
 -4.15667200088501, 3.6082706451416016, 2.1031296253204346,
 -7.9688615798950195, 3.665238380432129, 3.634645462036133,
 2.892925500869751, -9.616902351379395, -2.4352903366088867,
 1.639800786972046, 0.8109544515609741, -0.0420914888381958,
 3.524888515472412, -0.21626465022563934, 0.624981701374054,
 2.4808175563812256, 6.006486415863037],
  [-4.025548934936523, -1.7536780834197998, -9.284207344055176,
 -0.46989208459854126, 8.095449447631836, -1.821480393409729,
 4.796420097351074, -1.6740366220474243, 2.3591372966766357,
 -2.1074695587158203, 0.04919004440307617, -2.331827163696289,
 3.2484750747680664, 0.7045117616653442, -3.6861438751220703,
 -1.7956061363220215, 2.9135847091674805, -0.3258384168148041,
 3.6117968559265137, -6.51349401473999],
  [-3.959636688232422, -1.3326704502105713, 4.844268798828125,
 -7.850859642028809, 3.211496353149414, 1.4958183765411377,
 -7.878036975860596, 0.5561774969100952, 4.168095588684082,
 4.314690589904785, -8.804534912109375, 6.258699893951416,
 -5.318691730499268, -4.464309215545654, -3.057260513305664,
 -3.6247663497924805, -3.9800686836242676, 2.842212438583374,
 -1.3311200141906738, 2.718005657196045],
  [1.7227654457092285, 6.601875305175781, 6.396282196044922,
 -0.23877191543579102, -7.196826457977295, -3.811077833175659,
 -4.504683494567871, -1.6952818632125854, 2.079376697540283,
 -7.46474552154541, -6.1470723152160645, -2.9479620456695557,
 -5.403833389282227, 0.5884699821472168, -6.747401237487793,
 -1.1681389808654785, 0.23231737315654755, 2.218742609024048,
 -2.0967891216278076, -3.3694863319396973],
  [3.1883115768432617, 0.7635533809661865, -5.942409515380859,
 3.968327760696411, 1.8163812160491943, -9.46323013305664,
 -0.4348878860473633, -2.738518238067627, -1.7314932346343994,
 3.3980817794799805, 6.5992536544799805, -0.032088518142700195,
 3.1935336589813232, 4.656407356262207, -0.26412463188171387,
 -0.010673999786376953, -3.111318588256836, 1.6290405988693237,
 4.319813251495361, -2.061511516571045],
  [-3.522207260131836, 5.767757415771484, -0.30752867460250854,
 1.8597809076309204, -1.8223836421966553, -2.2498350143432617,
 -3.9534778594970703, -1.5217292308807373, -1.338914394378662,
 0.9416788220405579, 5.875098705291748, 5.375853061676025,
 -4.041646957397461, -1.7178500890731812, -2.0583767890930176,
 0.7903451919555664, -6.508316993713379, 3.529096841812134,
 2.992616891860962, 6.173831462860107],
  [-0.09088881313800812, 9.636614799499512, 2.8148577213287354,
 5.802282810211182, -5.9665632247924805, -2.1942903995513916,
 5.898929119110107, 7.991110324859619, 3.616286516189575,
 -4.2583112716674805, -3.754485845565796, 11.615469932556152,
 -9.493537902832031, -0.9425191879272461, -3.616560697555542,
 -0.2740621268749237, 3.366410732269287, -4.082559585571289,
 9.435521125793457, 4.34401798248291],
  [6.6355133056640625, -1.9763929843902588, -4.591486930847168,
 -8.305304527282715, -1.5269650220870972, 3.1367874145507812,
 1.585308313369751, -4.5963006019592285, -1.6658772230148315,
 2.7087438106536865, -0.6574596166610718, 7.887784004211426,
 -8.126355171203613, -1.182206392288208, 3.9127581119537354,
 2.9820480346679688, -8.786869049072266, -0.3743778467178345,
 -6.306413650512695, 4.360092639923096],
  [-0.12957961857318878, -5.303263187408447, -13.333118438720703,
 -1.3604464530944824, 4.968630313873291, -2.4313712120056152,
 -3.556023597717285, -2.7771294116973877, -0.3502671718597412,
 -11.29216194152832, 1.491225004196167, -4.942744731903076,
 -11.128107070922852, -1.9391462802886963, 2.6068506240844727,
 -7.998411178588867, 4.46088171005249, 6.833900451660156,
 -0.4715884029865265, 3.102611541748047],
  [-4.452663421630859, -0.7897863984107971, 3.2876248359680176,
 6.539112091064453, 7.162400722503662, -0.9846147894859314,
 4.904568195343018, 1.5036062002182007, 9.229022979736328,
 5.839008331298828, -2.9774694442749023, -0.8672946691513062,
 3.4497017860412598, 8.325830459594727, -7.708906173706055,
 -7.974207878112793, 6.661561012268066, -1.1366711854934692,
 6.421284198760986, 4.614595413208008],
  [6.2410759925842285, -0.9419462084770203, 3.151759147644043,
 -1.9764748811721802, 9.124419212341309, 2.987619161605835,
 -15.499141693115234, -7.650738716125488, 4.047018051147461,
 3.4354941844940186, -4.308380126953125, 0.15786471962928772,
 4.284907817840576, 0.5155309438705444, -2.718622922897339,
 -1.112007737159729, -7.438194274902344, -0.14634326100349426,
 -2.8908135890960693, 10.718358039855957],
  [-0.538830578327179, 2.5754199028015137, -4.381413459777832,
 -1.4127922058105469, 5.188017845153809, -1.9924615621566772,
 8.74561595916748, -6.196994304656982, 3.7378666400909424,
 -2.6076252460479736, 0.28637146949768066, 5.817921161651611,
 -2.002072811126709, -0.28891727328300476, 0.25152140855789185,
 3.634504556655884, 1.632462978363037, -1.4957324266433716,
 -5.129622936248779, 0.7713741660118103],
  [-2.714838981628418, -5.338525772094727, 0.10802698135375977,
 2.8244986534118652, -5.315295219421387, -5.628303527832031,
 -2.148732900619507, -2.526075839996338, -3.551525115966797,
 -3.6216022968292236, 5.848446846008301, 1.0967625379562378,
 -3.190840721130371, -4.292171955108643, 1.268758773803711,
 -3.0180702209472656, 4.215446949005127, 5.500238418579102,
 -3.5567212104797363, -5.658114433288574],
  [0.05779719352722168, 0.18724441528320312, 1.7805917263031006,
 7.216752529144287, -0.37240076065063477, -1.0572810173034668,
 -1.5646902322769165, 7.241382122039795, -2.7557287216186523,
 -3.492931365966797, -1.456284523010254, 7.3674116134643555,
 -3.700167655944824, -6.553837299346924, 4.711698532104492,
 0.07929503172636032, 0.19558358192443848, -1.720902442932129,
 6.890796661376953, -0.48665523529052734],
  [1.5985605716705322, -3.461348533630371, -1.2073097229003906,
 -1.8163435459136963, 5.340856552124023, -1.433474063873291,
 -2.662926197052002, -2.559326648712158, -4.334958076477051,
 -4.287391662597656, 2.914543628692627, -1.2185009717941284,
 -0.8627161979675293, -3.6562514305114746, -3.3915817737579346,
 5.231632232666016, -5.749217510223389, 3.3475489616394043,
 -9.257233619689941, 2.6201837062835693],
  [-2.5261096954345703, -0.7039178609848022, 0.595463752746582,
 6.132625579833984, -4.029025554656982, -8.382152557373047,
 -3.858252763748169, 1.2752432823181152, -0.54171222448349,
 -4.442962646484375, 0.5924294590950012, -0.796839714050293,
 1.0182629823684692, -2.213984489440918, 0.8428955078125,
 1.1059656143188477, 7.4157304763793945, 7.952850818634033,
 3.373455286026001, -4.704349994659424],
  [-0.48152732849121094, -1.3121238946914673, -6.3249006271362305,
 0.7838810086250305, -1.4233357906341553, 2.0843918323516846,
 -5.418623924255371, 1.8948543071746826, -6.183297157287598,
 -6.660369396209717, 0.9786527752876282, -4.835381507873535,
 4.004893779754639, -0.9520246982574463, 4.682941913604736,
 -3.2363390922546387, -2.975067138671875, -1.6602944135665894,
 4.372871398925781, -1.0798301696777344],
  [-3.8847618103027344, 0.6497516632080078, -8.078638076782227,
 6.063621520996094, 3.7890238761901855, -0.8341878652572632,
 5.3590407371521, -7.280891418457031, -2.843235492706299,
 -3.5834527015686035, 7.697246551513672, -1.7169337272644043,
 -1.2750279903411865, -0.20846503973007202, -7.677340030670166,
 -6.911095142364502, -2.9511520862579346, -3.4728481769561768,
 -1.7500989437103271, -9.074662208557129],
  [-8.144146919250488, 8.9830904006958, 10.496673583984375,
 7.662046432495117, -15.932397842407227, -6.758400917053223,
 -2.127643585205078, 7.216696739196777, -2.6774444580078125,
 3.6569011211395264, 11.694568634033203, 1.9705474376678467,
 -3.5917389392852783, 1.8797812461853027, -1.9414116144180298,
 -2.8778960704803467, 0.5531743764877319, 6.829197883605957,
 12.060492515563965, -3.7938804626464844],
  [-3.5880799293518066, -7.30729866027832, 2.5129520893096924,
 6.656847953796387, 0.9254382252693176, -0.7413996458053589,
 -2.9654455184936523, -2.746896505355835, -0.47878777980804443,
 5.014421463012695, 3.7082672119140625, -5.5036702156066895,
 3.930083751678467, 3.678980827331543, -0.3069643974304199,
 -5.851139068603516, 1.5011184215545654, 5.0039191246032715,
 -1.8798956871032715, -2.7180771827697754]
]>

