
memref.global constant @A : memref<14x14xf32> = dense<[
  [1.1176220178604126, -1.3871248960494995, -0.4265716075897217,
 -0.8035872578620911, 0.6014277338981628, -0.07499324530363083,
 0.059693194925785065, -0.03200608864426613, -0.18548467755317688,
 1.2047736644744873, 0.7774530649185181, -1.3582810163497925,
 0.7698278427124023, -0.8702269792556763],
  [1.0997635126113892, -0.9584742188453674, -1.2749319076538086,
 -1.3653380870819092, -1.474327564239502, 0.4335317015647888,
 -0.328120619058609, -0.9709680080413818, 1.2655024528503418,
 0.003763606771826744, -1.0665411949157715, 1.7288987636566162,
 -0.45138227939605713, 0.04862817004323006],
  [-1.1382405757904053, -0.33829328417778015, -1.5297398567199707,
 0.20406699180603027, -0.05367063730955124, -0.9068519473075867,
 -0.02107640542089939, -1.2441277503967285, 0.08321687579154968,
 -0.24711604416370392, 1.314589262008667, 0.9204949736595154,
 -0.22877256572246552, -0.030402617529034615],
  [0.007356334012001753, -0.1641322374343872, -0.015097764320671558,
 1.2274370193481445, 1.0408066511154175, 0.6799344420433044,
 0.2518334984779358, 1.6651910543441772, 1.0347177982330322,
 -0.38181933760643005, -0.3505185842514038, 1.2286534309387207,
 -0.35867178440093994, -1.9132933616638184],
  [1.0271670818328857, -1.3551664352416992, -1.6714682579040527,
 -1.0570014715194702, -1.3222408294677734, 0.7736058831214905,
 -1.7251851558685303, -0.1460547000169754, 0.40561553835868835,
 -1.415915608406067, 0.8947690725326538, 1.4356279373168945,
 0.2768274247646332, 0.8864038586616516],
  [-0.31188464164733887, 0.9887157678604126, -0.8038562536239624,
 -1.4020450115203857, 0.12107295542955399, -2.0658767223358154,
 0.9201765060424805, -0.42329636216163635, -1.4801915884017944,
 -0.7969468832015991, 0.6704075932502747, 0.3807937204837799,
 1.2836308479309082, -1.7994437217712402],
  [0.560377836227417, -0.5901781320571899, 1.513032078742981,
 0.6417092680931091, -0.8430933952331543, -0.6770299673080444,
 0.47085481882095337, 0.07626532763242722, 1.4205647706985474,
 -0.7763586640357971, 0.13012942671775818, -0.13884983956813812,
 0.7501691579818726, 1.6195898056030273],
  [0.4826870560646057, 0.9587796926498413, -0.41793495416641235,
 0.5500046014785767, -0.2969793379306793, -0.973719596862793,
 0.11110638082027435, 0.0972077026963234, -1.2553112506866455,
 0.5298007130622864, 1.1207773685455322, -0.10136342793703079,
 0.6133917570114136, 1.0013039112091064],
  [1.6809592247009277, 0.9251255989074707, -0.9882517457008362,
 0.2078029066324234, -1.219529628753662, 0.08932888507843018,
 -1.0524274110794067, -0.6917388439178467, -1.982431173324585,
 2.267630100250244, -0.13079318404197693, -0.4808737337589264,
 -1.232639193534851, 0.7591094970703125],
  [-0.4769798815250397, -0.6204180717468262, -0.6902609467506409,
 2.365145683288574, -0.3796442151069641, 1.864675521850586,
 -0.8315299153327942, 0.033423274755477905, 0.32895520329475403,
 -1.6618777513504028, -0.07653109729290009, 0.8074823021888733,
 -0.7966762185096741, 1.251874566078186],
  [0.9226643443107605, 0.7866818308830261, 0.7923650741577148,
 -0.4601968824863434, 2.397496223449707, 0.19480518996715546,
 0.2745186388492584, 0.07115253806114197, 0.6442416310310364,
 1.7909514904022217, -0.3518707752227783, -0.48048457503318787,
 -0.2042524218559265, 0.8529296517372131],
  [0.6624273657798767, 1.1685149669647217, 0.8331336379051208,
 0.10706620663404465, 0.7593052983283997, -0.5092511773109436,
 1.1114634275436401, -0.09248355031013489, 0.839974045753479,
 -0.351138710975647, -1.167814016342163, -1.3892009258270264,
 -1.3128107786178589, 1.2767237424850464],
  [1.7505762577056885, 0.11671149730682373, -0.19988541305065155,
 0.20591729879379272, 0.519942581653595, -1.745890498161316,
 -1.5392831563949585, 1.5183165073394775, 1.9789714813232422,
 -2.1282575130462646, 0.033984508365392685, 0.20649342238903046,
 1.0877691507339478, -0.04195538908243179],
  [-0.8090072274208069, -0.9252509474754333, -2.590146780014038,
 0.47342216968536377, -0.4365278482437134, 0.6825875043869019,
 -1.850749135017395, 0.49484506249427795, -0.48870959877967834,
 -0.38816624879837036, -1.0301549434661865, -0.36660921573638916,
 -0.3237517178058624, -0.5332834720611572]
]>


memref.global constant @B : memref<14x14xf32> = dense<[
  [0.4271363615989685, 1.0811803340911865, -1.4866969585418701,
 0.3560142517089844, 2.7962992191314697, -1.236227035522461,
 -0.16417492926120758, -1.4708625078201294, 1.5814311504364014,
 1.0583893060684204, -1.0116018056869507, -0.42502477765083313,
 1.6123285293579102, -1.5226322412490845],
  [0.1130620464682579, 0.5907350778579712, 0.4400123059749603,
 -0.4507058262825012, 1.1341685056686401, 0.8541713356971741,
 -0.0659295842051506, -0.7156318426132202, -1.0751136541366577,
 0.2649860680103302, 0.0305627454072237, -0.10863208025693893,
 -1.423568606376648, 0.2957165241241455],
  [-1.1918089389801025, 1.4413282871246338, 0.9170172810554504,
 -0.3843468129634857, 0.08095530420541763, 0.9625868797302246,
 -1.6510791778564453, 0.8501227498054504, 0.12471510469913483,
 0.7270844578742981, 0.8355269432067871, 0.5956495404243469,
 0.8922373056411743, 0.9441280364990234],
  [0.9534943103790283, 0.2391490936279297, -0.3468391001224518,
 0.8117190599441528, -0.2533649802207947, -0.41677600145339966,
 -0.4404476583003998, -0.2697369158267975, 2.2145965099334717,
 -0.20847786962985992, 0.21919436752796173, -0.17911101877689362,
 -0.1249602660536766, 0.29202017188072205],
  [-0.3865996301174164, 0.30083832144737244, -0.6511463522911072,
 -1.1278417110443115, 0.28226661682128906, -1.6474008560180664,
 1.3611891269683838, -0.13157759606838226, 0.4386368989944458,
 0.39703479409217834, -0.09683380275964737, 0.5352716445922852,
 -0.34043800830841064, 1.1934998035430908],
  [0.8844823837280273, -0.9531003832817078, 0.6773251295089722,
 1.1001825332641602, 1.9886763095855713, 0.9349692463874817,
 -0.6289650797843933, 0.22432196140289307, 1.0289722681045532,
 -0.7286362648010254, 1.0373172760009766, 0.04016899690032005,
 1.906428337097168, 1.9585762023925781],
  [0.43330779671669006, 1.3770594596862793, -0.797773540019989,
 0.05532928556203842, 0.5319772958755493, 1.045296311378479,
 0.06524834781885147, 0.32584694027900696, 2.4141218662261963,
 -0.8774765729904175, -0.8079701662063599, -2.5613515377044678,
 1.5789775848388672, -0.15504029393196106],
  [-0.021902240812778473, -0.08927404135465622, 0.3918967545032501,
 0.1883518248796463, -0.06321292370557785, -0.3382297158241272,
 -1.2638084888458252, 0.22933731973171234, -0.4093586802482605,
 -1.299899935722351, -1.1513699293136597, -0.5885521769523621,
 1.2844659090042114, -0.6232286691665649],
  [-0.32579734921455383, -0.05977626517415047, 0.9543189406394958,
 0.2577844262123108, 0.15276537835597992, -1.0950183868408203,
 -0.24067442119121552, -1.1665009260177612, 0.47427359223365784,
 -0.8271922469139099, 0.6979930996894836, 0.3106854259967804,
 -1.1413670778274536, -1.003007411956787],
  [1.3433359861373901, -0.009045371785759926, 0.5826104879379272,
 -1.463860034942627, 0.13153031468391418, 1.0236173868179321,
 0.6465259194374084, -0.6302932500839233, 1.8904775381088257,
 0.16625574231147766, -0.6571763753890991, -1.252954125404358,
 -0.7866469025611877, 0.9859727621078491],
  [-1.0905354022979736, -0.2402666211128235, 0.14777043461799622,
 -0.10365968197584152, 0.3179595172405243, 1.016144871711731,
 0.49809548258781433, 1.1598753929138184, 0.2960457503795624,
 1.4772087335586548, 0.4841581881046295, 1.4975743293762207,
 -0.2124670445919037, -1.2846360206604004],
  [-1.4380029439926147, 1.5298298597335815, 0.7300149202346802,
 -1.2577240467071533, -1.9731417894363403, -1.03847074508667,
 -0.4871982932090759, -0.05953095853328705, 0.8894190192222595,
 -0.06915145367383957, -1.1560074090957642, 1.4960260391235352,
 -0.10803237557411194, -0.8287875056266785],
  [-0.8614133596420288, -1.3837742805480957, -1.5630555152893066,
 0.6111722588539124, -1.5191128253936768, -0.5403769612312317,
 0.9517266154289246, 1.8732761144638062, -0.162011981010437,
 1.3204680681228638, 1.2764828205108643, -1.9022531509399414,
 -0.7859704494476318, -0.8377317786216736],
  [0.12817402184009552, -0.8030597567558289, 1.7972397804260254,
 0.06818623095750809, -0.7891173362731934, -0.4412972629070282,
 -0.00648118183016777, -0.8493540287017822, 1.239162564277649,
 1.4749629497528076, -0.9411543011665344, -0.9438897967338562,
 1.4131768941879272, -1.0146794319152832]
]>


memref.global constant @C : memref<14x14xf32> = dense<[
  [1.7999842166900635, -2.711581230163574, -6.006021499633789,
 -0.0013310100184753537, 4.3501081466674805, -0.024951793253421783,
 4.487240791320801, 1.7399216890335083, 1.7784225940704346,
 2.284442901611328, 0.9741207361221313, -3.3275222778320312,
 0.6125635504722595, -0.4287180006504059],
  [0.07628724724054337, 0.6478844881057739, 1.489890694618225,
 0.12824107706546783, -0.345593124628067, -4.055487155914307,
 -0.5903992652893066, -5.391036033630371, 0.9544088244438171,
 -2.3490707874298096, -2.78690505027771, 1.952429175376892,
 0.749806821346283, -4.814449787139893],
  [-2.193107843399048, -1.2257260084152222, 0.12436670809984207,
 -1.72452974319458, -6.539787769317627, -0.6272163391113281,
 4.522301197052002, 1.1981334686279297, -0.8938804268836975,
 1.2474722862243652, -0.04887396842241287, 4.438992023468018,
 -6.228415012359619, -3.3694276809692383],
  [-0.72624671459198, 3.9842350482940674, -1.5561140775680542,
 -0.05248511582612991, 0.82363361120224, -4.172095775604248,
 -3.203084707260132, -0.2506246566772461, 2.432119846343994,
 -7.588119983673096, -0.5462519526481628, 3.3464698791503906,
 0.1962863653898239, 2.041064500808716],
  [-3.4784326553344727, -4.974712371826172, 1.3172849416732788,
 3.4888439178466797, -2.068004608154297, -5.464040756225586,
 -0.07746393978595734, -0.7876392006874084, -3.2459876537323,
 2.6726319789886475, -0.7098146080970764, 6.7569899559021,
 2.5801072120666504, -8.829413414001465],
  [-5.069666385650635, 2.2492525577545166, -8.470479011535645,
 -2.9255282878875732, -4.417664527893066, 1.2059931755065918,
 5.212679862976074, 6.086231708526611, -8.548583030700684,
 2.032663345336914, -0.3370003402233124, -0.9594709873199463,
 -6.9418792724609375, -3.909064769744873],
  [-2.9758622646331787, 0.9644315838813782, 2.3762288093566895,
 2.884035587310791, -2.4685769081115723, -1.979505181312561,
 -3.6292145252227783, -0.1376294046640396, 4.176031589508057,
 3.3263838291168213, 0.889578104019165, -2.671632766723633,
 3.5270514488220215, -6.378868103027344],
  [0.2808363437652588, -0.4065711498260498, -1.3433024883270264,
 -1.0097527503967285, -0.9909842610359192, 1.640532374382019,
 2.2275078296661377, 0.7143728733062744, 1.783953309059143,
 5.790067195892334, -2.594571590423584, -2.835599899291992,
 -0.7614545226097107, -4.128943920135498],
  [7.9934492111206055, -0.360451340675354, 0.7026631236076355,
 -1.898573637008667, 7.1104841232299805, 4.090274810791016,
 1.2268322706222534, -6.545433521270752, 3.32075572013855,
 3.8846778869628906, -5.264086723327637, -1.7313947677612305,
 1.1209262609481812, 1.2086139917373657],
  [1.6683237552642822, -3.0048019886016846, 4.588527202606201,
 5.843250751495361, -1.0995352268218994, -3.2017149925231934,
 -3.92038893699646, -1.903028964996338, 4.185696601867676,
 -2.410205602645874, 1.1657345294952393, 5.028916835784912,
 4.872975826263428, 0.7465885877609253],
  [2.018620014190674, 2.2940142154693604, 1.3480195999145508,
 -5.046768665313721, 5.666083812713623, -2.0155677795410156,
 2.6217496395111084, -4.655252456665039, 5.828489780426025,
 2.6002426147460938, -2.0876407623291016, -3.0832200050354004,
 0.5606446266174316, 3.8730642795562744],
  [3.084247589111328, 3.785173177719116, 2.250802755355835,
 -0.013157564215362072, 6.455397129058838, -0.4746273159980774,
 -1.6570169925689697, -6.578342437744141, 2.6104395389556885,
 -0.8209934830665588, -2.3279523849487305, -4.171874523162842,
 3.0931708812713623, 1.216079592704773],
  [-6.030064582824707, 0.025131069123744965, -3.4752695560455322,
 2.5325369834899902, -1.274521827697754, -12.048827171325684,
 -1.169623851776123, -2.3638625144958496, -5.951277732849121,
 1.970615267753601, -0.2693323791027069, 3.9562056064605713,
 -3.0617294311523438, -11.432882308959961],
  [4.546833038330078, -7.82031774520874, -0.891587495803833,
 3.5187952518463135, -2.2401106357574463, -3.343352794647217,
 1.719660997390747, -1.2684004306793213, -5.923864364624023,
 -5.144069194793701, 0.3333410918712616, 2.422227621078491,
 -2.5717151165008545, 1.9924721717834473]
]>

