
memref.global constant @A : memref<16x16xf32> = dense<[
  [1.1176220178604126, -1.3871248960494995, -0.4265716075897217,
 -0.8035872578620911, 0.6014277338981628, -0.07499324530363083,
 0.059693194925785065, -0.03200608864426613, -0.18548467755317688,
 1.2047736644744873, 0.7774530649185181, -1.3582810163497925,
 0.7698278427124023, -0.8702269792556763, 1.0997635126113892,
 -0.9584742188453674],
  [-1.2749319076538086, -1.3653380870819092, -1.474327564239502,
 0.4335317015647888, -0.328120619058609, -0.9709680080413818,
 1.2655024528503418, 0.003763606771826744, -1.0665411949157715,
 1.7288987636566162, -0.45138227939605713, 0.04862817004323006,
 -1.1382405757904053, -0.33829328417778015, -1.5297398567199707,
 0.20406699180603027],
  [-0.05367063730955124, -0.9068519473075867, -0.02107640542089939,
 -1.2441277503967285, 0.08321687579154968, -0.24711604416370392,
 1.314589262008667, 0.9204949736595154, -0.22877256572246552,
 -0.030402617529034615, 0.007356334012001753, -0.1641322374343872,
 -0.015097764320671558, 1.2274370193481445, 1.0408066511154175,
 0.6799344420433044],
  [0.2518334984779358, 1.6651910543441772, 1.0347177982330322,
 -0.38181933760643005, -0.3505185842514038, 1.2286534309387207,
 -0.35867178440093994, -1.9132933616638184, 1.0271670818328857,
 -1.3551664352416992, -1.6714682579040527, -1.0570014715194702,
 -1.3222408294677734, 0.7736058831214905, -1.7251851558685303,
 -0.1460547000169754],
  [0.40561553835868835, -1.415915608406067, 0.8947690725326538,
 1.4356279373168945, 0.2768274247646332, 0.8864038586616516,
 -0.31188464164733887, 0.9887157678604126, -0.8038562536239624,
 -1.4020450115203857, 0.12107295542955399, -2.0658767223358154,
 0.9201765060424805, -0.42329636216163635, -1.4801915884017944,
 -0.7969468832015991],
  [0.6704075932502747, 0.3807937204837799, 1.2836308479309082,
 -1.7994437217712402, 0.560377836227417, -0.5901781320571899,
 1.513032078742981, 0.6417092680931091, -0.8430933952331543,
 -0.6770299673080444, 0.47085481882095337, 0.07626532763242722,
 1.4205647706985474, -0.7763586640357971, 0.13012942671775818,
 -0.13884983956813812],
  [0.7501691579818726, 1.6195898056030273, 0.4826870560646057,
 0.9587796926498413, -0.41793495416641235, 0.5500046014785767,
 -0.2969793379306793, -0.973719596862793, 0.11110638082027435,
 0.0972077026963234, -1.2553112506866455, 0.5298007130622864,
 1.1207773685455322, -0.10136342793703079, 0.6133917570114136,
 1.0013039112091064],
  [1.6809592247009277, 0.9251255989074707, -0.9882517457008362,
 0.2078029066324234, -1.219529628753662, 0.08932888507843018,
 -1.0524274110794067, -0.6917388439178467, -1.982431173324585,
 2.267630100250244, -0.13079318404197693, -0.4808737337589264,
 -1.232639193534851, 0.7591094970703125, -0.4769798815250397,
 -0.6204180717468262],
  [-0.6902609467506409, 2.365145683288574, -0.3796442151069641,
 1.864675521850586, -0.8315299153327942, 0.033423274755477905,
 0.32895520329475403, -1.6618777513504028, -0.07653109729290009,
 0.8074823021888733, -0.7966762185096741, 1.251874566078186,
 0.9226643443107605, 0.7866818308830261, 0.7923650741577148,
 -0.4601968824863434],
  [2.397496223449707, 0.19480518996715546, 0.2745186388492584,
 0.07115253806114197, 0.6442416310310364, 1.7909514904022217,
 -0.3518707752227783, -0.48048457503318787, -0.2042524218559265,
 0.8529296517372131, 0.6624273657798767, 1.1685149669647217,
 0.8331336379051208, 0.10706620663404465, 0.7593052983283997,
 -0.5092511773109436],
  [1.1114634275436401, -0.09248355031013489, 0.839974045753479,
 -0.351138710975647, -1.167814016342163, -1.3892009258270264,
 -1.3128107786178589, 1.2767237424850464, 1.7505762577056885,
 0.11671149730682373, -0.19988541305065155, 0.20591729879379272,
 0.519942581653595, -1.745890498161316, -1.5392831563949585,
 1.5183165073394775],
  [1.9789714813232422, -2.1282575130462646, 0.033984508365392685,
 0.20649342238903046, 1.0877691507339478, -0.04195538908243179,
 -0.8090072274208069, -0.9252509474754333, -2.590146780014038,
 0.47342216968536377, -0.4365278482437134, 0.6825875043869019,
 -1.850749135017395, 0.49484506249427795, -0.48870959877967834,
 -0.38816624879837036],
  [-1.0301549434661865, -0.36660921573638916, -0.3237517178058624,
 -0.5332834720611572, 0.4271363615989685, 1.0811803340911865,
 -1.4866969585418701, 0.3560142517089844, 2.7962992191314697,
 -1.236227035522461, -0.16417492926120758, -1.4708625078201294,
 1.5814311504364014, 1.0583893060684204, -1.0116018056869507,
 -0.42502477765083313],
  [1.6123285293579102, -1.5226322412490845, 0.1130620464682579,
 0.5907350778579712, 0.4400123059749603, -0.4507058262825012,
 1.1341685056686401, 0.8541713356971741, -0.0659295842051506,
 -0.7156318426132202, -1.0751136541366577, 0.2649860680103302,
 0.0305627454072237, -0.10863208025693893, -1.423568606376648,
 0.2957165241241455],
  [-1.1918089389801025, 1.4413282871246338, 0.9170172810554504,
 -0.3843468129634857, 0.08095530420541763, 0.9625868797302246,
 -1.6510791778564453, 0.8501227498054504, 0.12471510469913483,
 0.7270844578742981, 0.8355269432067871, 0.5956495404243469,
 0.8922373056411743, 0.9441280364990234, 0.9534943103790283,
 0.2391490936279297],
  [-0.3468391001224518, 0.8117190599441528, -0.2533649802207947,
 -0.41677600145339966, -0.4404476583003998, -0.2697369158267975,
 2.2145965099334717, -0.20847786962985992, 0.21919436752796173,
 -0.17911101877689362, -0.1249602660536766, 0.29202017188072205,
 -0.3865996301174164, 0.30083832144737244, -0.6511463522911072,
 -1.1278417110443115]
]>


memref.global constant @B : memref<16x16xf32> = dense<[
  [0.28226661682128906, -1.6474008560180664, 1.3611891269683838,
 -0.13157759606838226, 0.4386368989944458, 0.39703479409217834,
 -0.09683380275964737, 0.5352716445922852, -0.34043800830841064,
 1.1934998035430908, 0.8844823837280273, -0.9531003832817078,
 0.6773251295089722, 1.1001825332641602, 1.9886763095855713,
 0.9349692463874817],
  [-0.6289650797843933, 0.22432196140289307, 1.0289722681045532,
 -0.7286362648010254, 1.0373172760009766, 0.04016899690032005,
 1.906428337097168, 1.9585762023925781, 0.43330779671669006,
 1.3770594596862793, -0.797773540019989, 0.05532928556203842,
 0.5319772958755493, 1.045296311378479, 0.06524834781885147,
 0.32584694027900696],
  [2.4141218662261963, -0.8774765729904175, -0.8079701662063599,
 -2.5613515377044678, 1.5789775848388672, -0.15504029393196106,
 -0.021902240812778473, -0.08927404135465622, 0.3918967545032501,
 0.1883518248796463, -0.06321292370557785, -0.3382297158241272,
 -1.2638084888458252, 0.22933731973171234, -0.4093586802482605,
 -1.299899935722351],
  [-1.1513699293136597, -0.5885521769523621, 1.2844659090042114,
 -0.6232286691665649, -0.32579734921455383, -0.05977626517415047,
 0.9543189406394958, 0.2577844262123108, 0.15276537835597992,
 -1.0950183868408203, -0.24067442119121552, -1.1665009260177612,
 0.47427359223365784, -0.8271922469139099, 0.6979930996894836,
 0.3106854259967804],
  [-1.1413670778274536, -1.003007411956787, 1.3433359861373901,
 -0.009045371785759926, 0.5826104879379272, -1.463860034942627,
 0.13153031468391418, 1.0236173868179321, 0.6465259194374084,
 -0.6302932500839233, 1.8904775381088257, 0.16625574231147766,
 -0.6571763753890991, -1.252954125404358, -0.7866469025611877,
 0.9859727621078491],
  [-1.0905354022979736, -0.2402666211128235, 0.14777043461799622,
 -0.10365968197584152, 0.3179595172405243, 1.016144871711731,
 0.49809548258781433, 1.1598753929138184, 0.2960457503795624,
 1.4772087335586548, 0.4841581881046295, 1.4975743293762207,
 -0.2124670445919037, -1.2846360206604004, -1.4380029439926147,
 1.5298298597335815],
  [0.7300149202346802, -1.2577240467071533, -1.9731417894363403,
 -1.03847074508667, -0.4871982932090759, -0.05953095853328705,
 0.8894190192222595, -0.06915145367383957, -1.1560074090957642,
 1.4960260391235352, -0.10803237557411194, -0.8287875056266785,
 -0.8614133596420288, -1.3837742805480957, -1.5630555152893066,
 0.6111722588539124],
  [-1.5191128253936768, -0.5403769612312317, 0.9517266154289246,
 1.8732761144638062, -0.162011981010437, 1.3204680681228638,
 1.2764828205108643, -1.9022531509399414, -0.7859704494476318,
 -0.8377317786216736, 0.12817402184009552, -0.8030597567558289,
 1.7972397804260254, 0.06818623095750809, -0.7891173362731934,
 -0.4412972629070282],
  [-0.00648118183016777, -0.8493540287017822, 1.239162564277649,
 1.4749629497528076, -0.9411543011665344, -0.9438897967338562,
 1.4131768941879272, -1.0146794319152832, -0.747414231300354,
 -0.7546306848526001, -0.2702360451221466, 0.558124303817749,
 1.1548364162445068, -0.6857289671897888, 0.5725165605545044,
 -0.6507906317710876],
  [0.9385235905647278, -1.806413173675537, 1.208838939666748,
 0.9222697615623474, 0.763556718826294, 0.12211856991052628,
 -0.2152492105960846, -0.6295140981674194, 0.30053597688674927,
 1.6286084651947021, 0.6283493638038635, -0.3595389425754547,
 -0.21216827630996704, 1.062716007232666, -0.5151075124740601,
 -2.3884856700897217],
  [-0.08136067539453506, -0.4146057665348053, 0.3846513330936432,
 0.5318894982337952, 0.18733932077884674, 0.26873669028282166,
 1.0494753122329712, 2.289872169494629, -2.042292356491089,
 -0.23369579017162323, 0.9747179746627808, 1.1565877199172974,
 -1.0925523042678833, -0.20733071863651276, 1.9997408390045166,
 1.6228536367416382],
  [-1.9347081184387207, -0.1039254441857338, -0.2746574282646179,
 -0.5662574768066406, 0.1490173041820526, -0.20046912133693695,
 0.1418081372976303, 0.6800446510314941, 0.8060452938079834,
 -0.7170257568359375, -2.479694128036499, -2.0432562828063965,
 0.8171730041503906, -0.08413787931203842, -0.1692739874124527,
 0.45268967747688293],
  [-0.9304494857788086, -0.3280929625034332, 0.43706512451171875,
 0.22214412689208984, -0.2666661739349365, 0.03594309091567993,
 0.9778053164482117, -1.8977041244506836, -0.7449547052383423,
 -1.0223748683929443, 1.293951153755188, -0.30455508828163147,
 0.22219420969486237, -0.06260228157043457, 0.8108955025672913,
 -0.673094630241394],
  [-0.23888175189495087, 1.9031933546066284, 1.836174726486206,
 1.666916012763977, -0.7806252837181091, -0.7217335104942322,
 -0.9085102677345276, -1.2840982675552368, -0.339179128408432,
 -0.6423761248588562, 0.7940210103988647, -0.10224714875221252,
 0.6521920561790466, -2.3660593032836914, -0.572760283946991,
 -1.8731863498687744],
  [1.582418441772461, 0.693541944026947, 0.7132118940353394,
 -1.0955404043197632, -1.1154396533966064, 1.3405267000198364,
 -1.054930329322815, -0.8266780972480774, -0.15539704263210297,
 1.416778802871704, -1.214558720588684, 0.30852702260017395,
 -0.19450531899929047, -0.32153311371803284, -0.26171553134918213,
 1.8639148473739624],
  [-2.2839982509613037, -0.473156213760376, -1.659266471862793,
 -0.16178984940052032, -1.2107218503952026, 0.0028396251145750284,
 -1.046491026878357, -0.026925629004836082, 3.4318032264709473,
 1.4883453845977783, -0.20297259092330933, -1.1297260522842407,
 1.0876654386520386, 0.7727370262145996, -1.3209999799728394,
 2.0850343704223633]
]>


memref.global constant @C : memref<16x16xf32> = dense<[
  [7.688450813293457, -4.840573310852051, 3.0669989585876465,
 2.0283143520355225, 0.3877403140068054, 2.4304685592651367,
 -1.968158483505249, -2.642652988433838, -6.869108200073242,
 2.647437334060669, 7.5026421546936035, 4.318088054656982,
 -4.393285751342773, 1.881691813468933, 4.4713311195373535,
 0.47994518280029297],
  [-1.3827049732208252, -1.661733627319336, -6.436859607696533,
 4.045046806335449, -1.2882983684539795, -1.695115089416504,
 -3.181464672088623, -1.8230726718902588, 1.5439003705978394,
 -0.28303706645965576, -0.3870912790298462, -3.5875139236450195,
 -1.2020618915557861, 0.5603854656219482, -5.055541515350342,
 -5.794754505157471],
  [1.7773973941802979, 1.4651875495910645, -2.640746593475342,
 2.405041217803955, -4.1811628341674805, 1.5420410633087158,
 -3.9501419067382812, -6.436784744262695, -1.0543885231018066,
 2.776188850402832, 1.0002288818359375, -1.0663906335830688,
 0.3719266653060913, -4.101455211639404, -5.475612640380859,
 0.624164342880249],
  [3.217710256576538, 3.973996162414551, -1.5362330675125122,
 -4.110466003417969, 3.644913673400879, -5.005460739135742,
 0.3840116858482361, 6.1465959548950195, 4.914634704589844,
 2.6684110164642334, -0.462424635887146, 4.8063859939575195,
 -0.7691419124603271, -1.2173243761062622, -2.2495453357696533,
 -3.2284111976623535],
  [-0.10081362724304199, -1.6256427764892578, 0.09009826183319092,
 -0.12173938751220703, 2.190993309020996, 1.0855374336242676,
 2.7541604042053223, -2.200549840927124, -4.936683177947998,
 -7.20501184463501, 9.590282440185547, 3.0190093517303467,
 -2.3549022674560547, -2.988692283630371, 2.847459316253662,
 -0.9110331535339355],
  [3.825057029724121, -3.808058738708496, -5.93764591217041,
 -5.604398727416992, 3.226155996322632, 1.1370714902877808,
 2.4219210147857666, -0.30103909969329834, -3.6660757064819336,
 2.430600643157959, 2.497638702392578, -1.5076148509979248,
 -3.8610780239105225, 2.278028964996338, -0.3461766839027405,
 2.2299623489379883],
  [-2.773266077041626, -1.0871803760528564, 1.4148694276809692,
 -6.149689197540283, 0.3898794651031494, 0.535343587398529,
 1.0181591510772705, 0.641704261302948, 7.260611534118652,
 4.880486488342285, -3.591104030609131, -3.905036449432373,
 2.942821502685547, 2.9865241050720215, -0.2632253170013428,
 2.1418018341064453],
  [3.554532766342163, 0.5859877467155457, 6.009406566619873,
 2.2899246215820312, 4.531949043273926, 2.8466053009033203,
 -4.351670265197754, 4.830349445343018, 1.1198105812072754,
 7.510005474090576, 1.2625283002853394, -0.339252233505249,
 0.04264475405216217, 7.0321173667907715, 4.001466274261475,
 -5.512345790863037],
  [-1.4088479280471802, 2.9819979667663574, 4.260599136352539,
 -5.0510406494140625, 0.11789962649345398, -0.9624328017234802,
 3.33478045463562, 2.296196460723877, 2.073490619659424, 2.427971601486206,
 -7.129689693450928, -3.6936655044555664, 1.1211622953414917,
 -1.0452618598937988, 0.07519533485174179, -2.8184733390808105],
  [-1.0292763710021973, -5.628343105316162, 7.359638690948486,
 -2.1409192085266113, 3.46362566947937, 2.385982036590576,
 1.089577555656433, 4.983082294464111, -1.4068033695220947,
 5.166956424713135, 2.67555570602417, -0.4806320369243622,
 -0.5823541283607483, 0.05932037532329559, 4.223665237426758,
 4.634213924407959],
  [-3.500271797180176, -6.8313493728637695, -2.0992929935455322,
 3.010756492614746, 0.6807045936584473, -0.12323040515184402,
 3.3767549991607666, -4.576887130737305, 4.160418510437012,
 -3.170734405517578, -1.7438839673995972, -5.0376667976379395,
 7.274805068969727, 11.475008964538574, 5.902500152587891,
 -3.266502618789673],
  [2.2537333965301514, -0.6038644909858704, 0.31488290429115295,
 -2.8145298957824707, 3.7526936531066895, -0.9573802947998047,
 -11.292167663574219, 4.907873153686523, 4.276867866516113,
 0.6710471510887146, 2.9511005878448486, -3.4393608570098877,
 -3.8812925815582275, 0.6514611840248108, 1.2674107551574707,
 0.8529629111289978],
  [-4.194082736968994, 4.276063919067383, 6.732799530029297,
 10.68156909942627, -3.340916156768799, -3.9136252403259277,
 4.559482574462891, -7.2089457511901855, -4.131738662719727,
 -9.798819541931152, 7.223745346069336, 8.728377342224121,
 3.918657064437866, -6.672121047973633, 1.5006144046783447,
 -5.4361443519592285],
  [-3.5017409324645996, -5.242757320404053, -2.7302818298339844,
 0.5628826022148132, -0.8038387298583984, -1.7107601165771484,
 -0.2741575241088867, -4.266512870788574, 0.5881032943725586,
 -3.3526573181152344, 2.5774550437927246, -6.911922931671143,
 2.785431385040283, -1.3373239040374756, -0.46672236919403076,
 -0.6180663108825684],
  [-2.857430934906006, 3.2375898361206055, 6.542134761810303,
 1.8542811870574951, 1.9204492568969727, 2.2517032623291016,
 2.32271671295166, -0.26572608947753906, 1.4954040050506592,
 0.0004513263702392578, -0.8049418926239014, 2.707761526107788,
 1.7630184888839722, -0.21935993432998657, -1.5735670328140259,
 -2.0733642578125],
  [3.099147081375122, -0.00475001335144043, -3.4499194622039795,
 -1.0577805042266846, 0.6751711368560791, -1.5053625106811523,
 4.174619197845459, 1.517851710319519, -5.764463424682617,
 1.4429391622543335, -2.3265318870544434, -0.5920659303665161,
 -1.9396404027938843, -3.1158671379089355, -2.2937135696411133,
 -2.9153666496276855]
]>

